PHASE ONE
1.005327,1.060894,1.03066,0.7506441,0.8956678,0.9911071,0.9672281,0.9421586,0.9602134,0.9835417,0.8863687,0.9205107,0.9011907,0.9634436,0.918539,0.8856975,0.9042329,0.850843,0.8591486,0.8698313,0.9537874,0.9824637,0.9518526,0.977878,0.901328,0.8730271,1.000988,0.9788328,0.9174462,0.9505252,0.8209227,0.7669173,0.7875993,0.7723382,0.7353454,0.7419016,0.7269927,0.7207072,0.7108918,0.7108589,0.707463,0.7077848,0.7078893,0.7718171,0.7458577,0.810389,0.8314723,0.8804979,0.8886631,0.8334695,0.8206664,0.733739,0.6309931,0.7489124,0.7411875,0.7470627,0.7535686,0.7671946,0.9547769,0.9964204,1.002767,0.9307675,0.7776834,0.8330941,0.821744,0.8078746,0.8776149,0.8518351,0.9141717,0.8914491,0.9048812,0.9501083,0.8878334,0.8707334,0.9195604,0.9017919,0.8778777,0.8735052,0.9179736,0.8686923,0.9619067,0.9443843,0.9243374,0.9717006,0.9090797,0.8674442,0.9700352,0.9294673,1.081299,0.9280176,0.9682458,0.8984753,0.9745951,0.9837179,1.142446,1.010313,0.9958427,1.014825,0.9818891,
Average depth: 0.8833299
Actual average depth: 0.7214034
PHASE TWO
0.9647239,0.9425642,1.091577,1.396472,2.29175,1.652732,2.37413,1.888068,2.037948,2.168748,1.954069,1.762275,1.712363,1.766399,1.834585,1.661044,3.43173,3.69313,3.693182,3.69293,4.241428,3.411522,3.624726,3.605206,1.864004,1.652226,1.529091,1.348582,1.398071,1.414957,1.36707,1.35137,1.460019,1.356351,1.304004,1.42592,1.561566,1.327263,1.102927,1.236448,1.231122,1.437824,1.707467,1.62353,1.684465,1.651282,1.83503,1.323048,1.341881,1.364052,2.647808,1.567538,2.455888,1.872575,2.18461,1.56425,2.205125,2.22986,2.313891,2.125406,2.072247,1.926305,1.619057,1.108616,1.167017,1.221494,1.226934,1.204854,1.895975,4.630967,3.857869,3.769916,4.214867,3.521796,3.213355,2.890473,4.44288,4.234076,3.831251,2.50202,2.027843,2.627831,2.62624,4.478819,3.997076,2.259101,2.142761,2.154669,2.002549,2.002921,3.068458,2.408116,1.733216,3.39369,1.731214,1.514926,1.22666,1.214443,1.230044,
Average depth: 2.165175
Actual average depth: 1.21948
PHASE THREE
1.220287,1.210081,1.253495,1.462893,1.083009,1.723867,1.883235,3.594369,4.085717,4.085838,4.08526,4.096844,5.09013,7.419779,3.045644,6.885836,5.102005,4.522573,6.253763,6.53888,1.84841,1.701206,2.194659,2.024034,8.828861,6.850559,9.631969,9.634695,12.75683,18.96651,18.19834,6.0173,87.13232,18.81808,29.83928,29.84426,29.81118,23.49723,23.50172,23.50434,7.675127,1.318565,1.792776,3.260955,3.194512,3.691303,2.189004,4.523389,7.34514,3.590858,3.345429,3.627098,3.168189,5.411598,4.981247,5.739645,6.531425,4.67829,2.307884,9.252167,2.355468,9.103966,2.165569,2.483736,3.326273,3.431537,3.158049,2.919734,2.898055,3.121307,3.699685,3.377447,3.755609,5.116111,4.842398,3.948518,3.947239,3.947557,3.948779,2.745019,2.920081,2.587671,2.460529,1.990632,1.941604,2.668856,2.910505,8.278975,8.276559,8.274901,8.773521,9.026789,9.026878,8.128254,2.338351,2.263157,2.431829,2.50566,2.807237,
Average depth: 6.977515
Actual average depth: 2.21748
PHASE FOUR ACTUAL GAZE DIST
2.527821,2.802264,2.802866,5.144882,5.221428,1.291683,0.7613419,0.6742384,0.6702219,0.607281,0.5684595,0.6507162,0.6316451,0.6640061,0.7198757,0.7311882,0.7626084,0.7787126,0.7930355,0.7424098,0.8325082,0.8655308,1.041297,1.211414,1.249313,1.527225,1.443676,1.443701,1.443461,1.521434,1.627385,1.797559,1.905379,1.845707,1.878742,1.749899,1.871773,2.066995,2.349371,2.655224,2.84598,2.615639,3.015432,3.52074,3.923625,2.934393,2.616842,2.705267,2.777204,3.353703,3.089135,3.222107,3.320027,3.282823,3.731514,3.673853,4.120819,4.4858,4.235256,5.082131,5.543454,3.683348,3.24574,3.545455,3.328105,3.36215,3.045891,3.601198,3.372561,3.523948,3.435432,3.681421,3.795009,3.692035,3.880792,4.013257,4.034391,3.321939,3.566539,3.80973,3.575306,2.909602,2.791876,2.567854,2.928519,2.762716,5.321515,2.582842,2.203215,1.921401,1.968251,1.894318,1.68467,1.701276,1.805132,1.716313,1.655305,1.428463,1.149654,1.282843,1.181512,1.154363,1.146811,1.115018,1.008889,1.024545,0.8859203,0.8085451,0.7558916,0.782151,0.6779196,0.6790765,0.6478971,0.7091744,0.6793045,0.6300799,0.5868067,0.5725746,0.5714849,0.5892509,0.5751082,0.571472,0.6266786,0.6268077,0.6928334,0.6920072,0.7489519,0.7787617,0.7902727,0.8520128,0.9794177,0.981161,0.9439987,0.925301,1.01514,1.238272,1.477032,1.483599,1.167103,1.262612,1.305692,1.409474,1.594702,1.480472,1.456542,1.582295,1.69126,1.928116,1.499122,1.425174,1.717913,2.362455,2.257146,2.459255,2.633994,2.682228,3.095326,3.140983,3.642982,4.000364,3.76046,4.101243,4.825523,2.014399,2.166464,2.37133,2.40449,2.180048,2.123862,2.129709,2.166215,2.364493,2.25133,2.275206,2.422873,2.652781,2.729162,3.001369,2.728974,2.792156,3.045989,3.040477,2.876224,2.62161,2.895877,2.840998,21.0727,6.600494,7.073174,7.889561,5.477434,5.746922,4.803415,3.878717,3.35236,3.027406,2.973925,2.63164,2.618929,2.49739,2.424227,2.361866,2.275725,2.214207,1.940719,2.129436,1.864616,1.826408,1.64379,1.561792,1.603333,1.54185,1.358377,1.493594,1.207148,1.071757,0.9870737,0.931769,1.04396,0.9782541,0.8923662,0.8502496,0.8163244,0.7804696,0.7460127,0.7257857,0.6929236,0.6903071,0.6761253,0.6440086,0.6475824,0.6485207,0.6413707,0.6493735,0.6636413,0.6417694,0.6337351,0.6270627,0.6272388,0.6570706,0.8040493,0.8058826,0.8006912,0.8136771,0.8624824,0.9854579,0.9350239,1.007932,1.08155,1.086247,1.082958,1.327232,1.309047,1.403167,1.357594,1.371852,1.529709,1.905906,2.309838,2.436469,2.364537,2.887056,2.834136,2.716281,1.925831,1.860527,3.416222,3.226816,4.052517,2.027628,2.775116,3.048209,2.898354,1.967621,2.140189,2.256542,2.509599,2.328466,2.427821,3.352009,5.837953,6.231311,6.973046,9.263355,2.639658,2.458035,2.286135,2.348616,2.390275,2.637988,2.553915,2.810226,2.652845,3.471365,3.47148,3.412601,2.328775,6.920478,9.87095,9.87085,9.86313,3.819558,6.555621,6.384854,7.920945,6.690135,4.460884,3.792712,3.363399,3.686069,4.095876,3.678402,3.001088,2.535453,2.078861,1.883681,1.781487,1.731677,1.73211,1.713182,1.4638,1.396234,1.326292,1.315457,1.184271,1.293725,1.485869,1.354198,1.24751,0.9278911,0.8719776,0.8821806,0.8472833,0.7560349,0.720224,0.7039755,0.6729376,0.6354282,0.6096088,0.6263239,0.6052003,0.6072199,0.6020159,0.5892665,0.6502982,0.6332196,0.6236171,0.6396766,0.6656053,0.6866212,0.6393613,0.5997512,0.6357971,0.6416182,0.6625883,0.8295414,0.9141397,0.939178,1.043974,0.9667186,0.9924489,1.098026,1.203746,1.119904,1.123244,1.472335,1.497385,1.565984,1.555089,1.690676,1.917818,2.242047,1.787147,2.081841,2.394357,2.598611,2.649848,2.441033,2.123671,2.259118,2.904714,2.763489,2.311578,2.557625,2.645969,2.832322,3.009037,5.814107,12.82592,13.52547,10.64974,11.95477,10.57664,18.0337,24.97081,14.34604,
PHASE FOUR GROUND TRUTH DIST
0.4823555,0.4740339,0.468405,0.4647382,0.4642444,0.4667818,0.4722978,0.4820854,0.4946537,0.5104961,0.5271066,0.5492468,0.5706978,0.5992295,0.6307699,0.6653872,0.6965667,0.7364283,0.7721162,0.8092914,0.856244,0.895868,0.9466501,0.9984725,1.043409,1.098517,1.14553,1.20298,1.260575,1.309478,1.359138,1.418872,1.468728,1.529157,1.579127,1.638297,1.68719,1.745185,1.792725,1.848752,1.894427,1.947765,1.99076,2.040605,2.080658,2.126865,2.17059,2.205102,2.243859,2.274156,2.307678,2.338156,2.361285,2.386026,2.40771,2.423114,2.438346,2.448475,2.457113,2.461711,2.463951,2.462615,2.457905,2.45094,2.439536,2.427138,2.408864,2.387493,2.36725,2.339896,2.30957,2.281831,2.246081,2.213866,2.179689,2.143885,2.098861,2.051508,2.010453,1.959251,1.906462,1.851758,1.80483,1.74766,1.689454,1.64023,1.581172,1.531652,1.471802,1.411718,1.351821,1.302011,1.24298,1.184746,1.12774,1.081116,1.026369,0.9832309,0.9316241,0.8888306,0.8410649,0.8028872,0.7591354,0.7176954,0.6790506,0.6490746,0.6157907,0.5855501,0.5628137,0.5390666,0.5180521,0.5029978,0.4905952,0.4778012,0.4694557,0.4653771,0.4636878,0.4655501,0.4698886,0.4782855,0.4879476,0.5001027,0.5148577,0.535668,0.5602078,0.5825794,0.6120479,0.6449495,0.6742197,0.7123907,0.7531705,0.7895854,0.8274223,0.8745052,0.9155284,0.9667517,1.010836,1.065785,1.12133,1.168874,1.226856,1.27567,1.334911,1.384447,1.444339,1.504308,1.564192,1.623997,1.672902,1.731086,1.779177,1.835479,1.881216,1.934959,1.978198,2.02891,2.069732,2.116281,2.153191,2.195209,2.228329,2.265403,2.294601,2.326296,2.350514,2.376536,2.395723,2.415698,2.43224,2.443689,2.454149,2.459868,2.463001,2.46327,2.460919,2.455,2.445461,2.432384,2.418907,2.402965,2.380778,2.35521,2.331448,2.300289,2.266275,2.235765,2.195834,2.153765,2.116277,2.06969,2.028653,1.978237,1.926238,1.872318,1.816732,1.759789,1.711458,1.652871,1.603661,1.554221,1.504555,1.454765,1.394639,1.344875,1.285101,1.236248,1.178461,1.121847,1.066158,1.020693,0.9677294,0.9251019,0.8752787,0.8355948,0.7904454,0.7543833,0.7134284,0.6813977,0.6512938,0.6176562,0.5872781,0.56437,0.5397046,0.5185347,0.5036249,0.4886902,0.4771366,0.4702298,0.4653727,0.4639759,0.4657067,0.470892,0.4800171,0.4900962,0.5055293,0.5239408,0.5422118,0.5671788,0.5955508,0.6210545,0.6547633,0.6921415,0.7247207,0.7656878,0.8022046,0.8481075,0.8967314,0.9384477,0.9905559,1.035222,1.090073,1.14617,1.203651,1.252482,1.311603,1.361156,1.421029,1.480665,1.530618,1.579864,1.639121,1.697807,1.7559,1.80375,1.850368,1.905279,1.949701,1.991937,2.041938,2.08125,2.127431,2.171193,2.212598,2.244696,2.280211,2.307979,2.338394,2.366276,2.386075,2.408104,2.422857,2.437865,2.447628,2.456157,2.461348,2.462828,2.461781,2.457379,2.450773,2.439507,2.427592,2.410402,2.393293,2.369573,2.342691,2.317892,2.284927,2.255816,2.217774,2.18389,2.140675,2.095294,2.055523,2.006117,1.963339,1.910431,1.865123,1.809551,1.762262,1.704637,1.65609,1.596977,1.547174,1.486967,1.436781,1.376676,1.317106,1.267824,1.209342,1.161402,1.104784,1.058658,1.013449,0.9613282,0.9105657,0.8621541,0.8228654,0.7781638,0.7426499,0.7017133,0.6703335,0.6352788,0.608461,0.5793387,0.5530629,0.533621,0.5133,0.4988959,0.4850565,0.4759318,0.4694317,0.4648695,0.4640207,0.4661643,0.4702609,0.4787623,0.4886199,0.5037867,0.5190312,0.5410946,0.5617379,0.589225,0.6193895,0.6529268,0.6827282,0.7216613,0.7632535,0.8004195,0.8466941,0.8950642,0.9365982,0.9884779,1.032818,1.087873,1.144093,1.191755,1.250161,1.299334,1.358318,1.418067,1.478099,1.52805,1.57776,1.637135,1.695949,1.744292,1.792084,1.847988,1.902395,1.94676,1.998064,2.039477,2.087741,2.133629,2.169789,2.210789,2.249083,2.284501,2.311984,2.342363,2.36955,2.389546,2.407033,2.424951,2.439623,2.449147,